slope sample slice mean std take_throw
0.00053484 0 002 0.000145 0.000232 1
0.00070786 0 003 0.000145 0.000232 1
0.00080374 0 004 0.000145 0.000232 1
0.00075378 0 005 0.000145 0.000232 1
0.00067308 0 006 0.000145 0.000232 1
0.00058168 0 007 0.000145 0.000232 1
0.00049536 0 008 0.000145 0.000232 1
0.00046675 0 009 0.000145 0.000232 1
0.00043844 0 010 0.000145 0.000232 1
0.00035005 0 011 0.000145 0.000232 1
0.00022098 0 012 0.000145 0.000232 1
0.00018187 0 013 0.000145 0.000232 1
0.00014207 0 014 0.000145 0.000232 1
0.00013869 0 015 0.000145 0.000232 1
0.00010176 0 016 0.000145 0.000232 1
0.00011144 0 017 0.000145 0.000232 1
0.00009690 0 018 0.000145 0.000232 1
0.00008213 0 019 0.000145 0.000232 1
0.00005544 0 020 0.000145 0.000232 1
0.00004322 0 021 0.000145 0.000232 1
0.00002928 0 022 0.000145 0.000232 1
0.00003476 0 023 0.000145 0.000232 1
0.00002341 0 024 0.000145 0.000232 1
0.00002026 0 025 0.000145 0.000232 1
0.00002005 0 026 0.000145 0.000232 1
0.00001616 0 027 0.000145 0.000232 1
0.00001319 0 028 0.000145 0.000232 1
0.00001557 0 029 0.000145 0.000232 1
0.00001349 0 030 0.000145 0.000232 1
0.00001243 0 031 0.000145 0.000232 1
0.00001072 0 032 0.000145 0.000232 1
0.00000601 0 033 0.000145 0.000232 1
0.00000622 0 034 0.000145 0.000232 1
0.00000399 0 035 0.000145 0.000232 1
0.00000548 0 036 0.000145 0.000232 1
0.00000311 0 037 0.000145 0.000232 1
0.00000275 0 038 0.000145 0.000232 1
0.00000182 0 039 0.000145 0.000232 1
0.00000312 0 040 0.000145 0.000232 1
0.00000337 0 041 0.000145 0.000232 1
0.00000431 0 042 0.000145 0.000232 1
0.00000449 0 043 0.000145 0.000232 1
0.00000263 0 044 0.000145 0.000232 1
0.00000245 0 045 0.000145 0.000232 1
0.00000205 0 046 0.000145 0.000232 1
0.00000117 0 047 0.000145 0.000232 1
0.00000195 0 048 0.000145 0.000232 1
0.00000119 0 049 0.000145 0.000232 1
0.00000255 0 050 0.000145 0.000232 1
0.00000130 0 051 0.000145 0.000232 1
0.00022383 A 002 0.000028 0.000050 0
0.00016121 A 003 0.000028 0.000050 0
0.00012458 A 004 0.000028 0.000050 0
0.00006398 A 005 0.000028 0.000050 0
0.00003447 A 006 0.000028 0.000050 0
0.00007700 A 007 0.000028 0.000050 0
0.00005122 A 008 0.000028 0.000050 0
0.00004068 A 009 0.000028 0.000050 0
0.00003734 A 010 0.000028 0.000050 0
0.00003071 A 011 0.000028 0.000050 0
0.00004898 A 012 0.000028 0.000050 0
0.00002487 A 013 0.000028 0.000050 0
0.00002553 A 014 0.000028 0.000050 0
0.00003615 A 015 0.000028 0.000050 0
0.00001267 A 016 0.000028 0.000050 0
0.00000003 A 017 0.000028 0.000050 0
0.00000108 A 018 0.000028 0.000050 0
-0.00000001 A 019 0.000028 0.000050 0
-0.00000002 A 020 0.000028 0.000050 0
-0.00000000 A 021 0.000028 0.000050 0
-0.00000000 A 022 0.000028 0.000050 0
0.00000007 A 023 0.000028 0.000050 0
-0.00000001 A 024 0.000028 0.000050 0
0.00000017 A 025 0.000028 0.000050 0
-0.00000000 A 026 0.000028 0.000050 0
-0.00000001 A 027 0.000028 0.000050 0
-0.00000002 A 028 0.000028 0.000050 0
-0.00000002 A 029 0.000028 0.000050 0
-0.00000001 A 030 0.000028 0.000050 0
-0.00000002 A 031 0.000028 0.000050 0
-0.00000001 A 032 0.000028 0.000050 0
-0.00000001 A 033 0.000028 0.000050 0
-0.00000001 A 034 0.000028 0.000050 0
-0.00000002 A 035 0.000028 0.000050 0
-0.00000001 A 036 0.000028 0.000050 0
0.00219783 B 002 0.000447 0.000593 1
0.00178759 B 003 0.000447 0.000593 1
0.00151485 B 004 0.000447 0.000593 1
0.00138826 B 005 0.000447 0.000593 1
0.00112589 B 006 0.000447 0.000593 1
0.00077767 B 007 0.000447 0.000593 1
0.00063112 B 008 0.000447 0.000593 1
0.00072005 B 009 0.000447 0.000593 1
0.00061851 B 010 0.000447 0.000593 1
0.00048056 B 011 0.000447 0.000593 1
0.00049089 B 012 0.000447 0.000593 1
0.00041539 B 013 0.000447 0.000593 1
0.00043490 B 014 0.000447 0.000593 1
0.00043751 B 015 0.000447 0.000593 1
0.00034402 B 016 0.000447 0.000593 1
0.00000957 B 017 0.000447 0.000593 1
0.00000907 B 018 0.000447 0.000593 1
0.00000475 B 019 0.000447 0.000593 1
0.00000637 B 020 0.000447 0.000593 1
0.00000561 B 021 0.000447 0.000593 1
0.00000117 B 022 0.000447 0.000593 1
0.00000330 B 023 0.000447 0.000593 1
0.00000556 B 024 0.000447 0.000593 1
0.00000084 B 025 0.000447 0.000593 1
0.00000365 B 026 0.000447 0.000593 1
0.00000399 B 027 0.000447 0.000593 1
0.00000138 B 028 0.000447 0.000593 1
0.00000204 B 029 0.000447 0.000593 1
0.00000202 B 030 0.000447 0.000593 1
0.00000001 B 031 0.000447 0.000593 1
0.00652171 C 002 0.001739 0.001970 1
0.00615207 C 003 0.001739 0.001970 1
0.00577967 C 004 0.001739 0.001970 1
0.00542010 C 005 0.001739 0.001970 1
0.00466462 C 006 0.001739 0.001970 1
0.00447764 C 007 0.001739 0.001970 1
0.00373093 C 008 0.001739 0.001970 1
0.00338066 C 009 0.001739 0.001970 1
0.00341530 C 010 0.001739 0.001970 1
0.00318780 C 011 0.001739 0.001970 1
0.00326526 C 012 0.001739 0.001970 1
0.00271559 C 013 0.001739 0.001970 1
0.00299510 C 014 0.001739 0.001970 1
0.00276531 C 015 0.001739 0.001970 1
0.00240673 C 016 0.001739 0.001970 1
0.00054112 C 017 0.001739 0.001970 1
0.00059796 C 018 0.001739 0.001970 1
0.00058199 C 019 0.001739 0.001970 1
0.00058560 C 020 0.001739 0.001970 1
0.00057872 C 021 0.001739 0.001970 1
0.00054594 C 022 0.001739 0.001970 1
0.00045274 C 023 0.001739 0.001970 1
0.00043613 C 024 0.001739 0.001970 1
0.00045033 C 025 0.001739 0.001970 1
0.00048346 C 026 0.001739 0.001970 1
0.00027061 C 027 0.001739 0.001970 1
0.00024551 C 028 0.001739 0.001970 1
0.00024588 C 029 0.001739 0.001970 1
0.00024342 C 030 0.001739 0.001970 1
0.00023973 C 031 0.001739 0.001970 1
0.00023937 C 032 0.001739 0.001970 1
0.00022090 C 033 0.001739 0.001970 1
0.00022094 C 034 0.001739 0.001970 1
0.00023097 C 035 0.001739 0.001970 1
0.00021333 C 036 0.001739 0.001970 1
0.00021474 C 037 0.001739 0.001970 1
0.00020340 C 038 0.001739 0.001970 1
0.00021057 C 039 0.001739 0.001970 1
0.00020069 C 040 0.001739 0.001970 1
0.00020964 C 041 0.001739 0.001970 1
0.01168371 D 002 0.006931 0.002860 1
0.01184360 D 003 0.006931 0.002860 1
0.01146101 D 004 0.006931 0.002860 1
0.01114810 D 005 0.006931 0.002860 1
0.01093590 D 006 0.006931 0.002860 1
0.01020654 D 007 0.006931 0.002860 1
0.01047160 D 008 0.006931 0.002860 1
0.01055031 D 009 0.006931 0.002860 1
0.00974060 D 010 0.006931 0.002860 1
0.00976430 D 011 0.006931 0.002860 1
0.00909140 D 012 0.006931 0.002860 1
0.00929686 D 013 0.006931 0.002860 1
0.00939448 D 014 0.006931 0.002860 1
0.00954386 D 015 0.006931 0.002860 1
0.00973953 D 016 0.006931 0.002860 1
0.00449263 D 017 0.006931 0.002860 1
0.00454277 D 018 0.006931 0.002860 1
0.00467068 D 019 0.006931 0.002860 1
0.00478524 D 020 0.006931 0.002860 1
0.00471245 D 021 0.006931 0.002860 1
0.00473350 D 022 0.006931 0.002860 1
0.00477703 D 023 0.006931 0.002860 1
0.00472843 D 024 0.006931 0.002860 1
0.00482215 D 025 0.006931 0.002860 1
0.00475000 D 026 0.006931 0.002860 1
0.00469587 D 027 0.006931 0.002860 1
0.00461353 D 028 0.006931 0.002860 1
0.00482477 D 029 0.006931 0.002860 1
0.00452347 D 030 0.006931 0.002860 1
0.00463812 D 031 0.006931 0.002860 1
0.00452987 D 032 0.006931 0.002860 1
0.00449888 D 033 0.006931 0.002860 1
0.00438989 D 034 0.006931 0.002860 1
0.00445012 D 035 0.006931 0.002860 1
0.00448272 D 036 0.006931 0.002860 1
0.00443447 D 037 0.006931 0.002860 1
0.00446166 D 038 0.006931 0.002860 1
0.00704801 E 004 0.007786 0.000429 1
0.00718742 E 005 0.007786 0.000429 1
0.00780341 E 006 0.007786 0.000429 1
0.00742496 E 007 0.007786 0.000429 1
0.00747625 E 008 0.007786 0.000429 1
0.00735788 E 009 0.007786 0.000429 1
0.00768125 E 010 0.007786 0.000429 1
0.00730275 E 011 0.007786 0.000429 1
0.00755911 E 012 0.007786 0.000429 1
0.00829080 E 013 0.007786 0.000429 1
0.00737128 E 014 0.007786 0.000429 1
0.00776065 E 015 0.007786 0.000429 1
0.00794921 E 016 0.007786 0.000429 1
0.00804861 E 017 0.007786 0.000429 1
0.00769014 E 018 0.007786 0.000429 1
0.00788348 E 019 0.007786 0.000429 1
0.00806762 E 020 0.007786 0.000429 1
0.00754686 E 021 0.007786 0.000429 1
0.00733289 E 022 0.007786 0.000429 1
0.00748962 E 023 0.007786 0.000429 1
0.00800560 E 024 0.007786 0.000429 1
0.00745332 E 025 0.007786 0.000429 1
0.00773646 E 026 0.007786 0.000429 1
0.00778977 E 027 0.007786 0.000429 1
0.00761953 E 028 0.007786 0.000429 1
0.00834472 E 029 0.007786 0.000429 1
0.00882016 E 030 0.007786 0.000429 1
0.00777300 E 031 0.007786 0.000429 1
0.00834324 E 032 0.007786 0.000429 1
0.00766885 E 033 0.007786 0.000429 1
0.00807813 E 034 0.007786 0.000429 1
0.00702236 E 035 0.007786 0.000429 1
0.00802528 E 036 0.007786 0.000429 1
0.00809283 E 037 0.007786 0.000429 1
0.00736315 E 038 0.007786 0.000429 1
0.00862244 E 039 0.007786 0.000429 1
0.00856214 E 040 0.007786 0.000429 1
0.00825608 E 041 0.007786 0.000429 1
0.00048113 f 002 0.003891 0.004907 1
0.00028039 f 003 0.003891 0.004907 1
0.00023099 f 004 0.003891 0.004907 1
0.00012084 f 005 0.003891 0.004907 1
0.00019788 f 006 0.003891 0.004907 1
0.00009998 f 007 0.003891 0.004907 1
0.00008225 f 008 0.003891 0.004907 1
0.00006017 f 009 0.003891 0.004907 1
0.00007094 f 010 0.003891 0.004907 1
0.00005190 f 011 0.003891 0.004907 1
0.00004400 f 012 0.003891 0.004907 1
0.00005284 f 013 0.003891 0.004907 1
0.00007027 f 014 0.003891 0.004907 1
0.00009399 f 015 0.003891 0.004907 1
0.00004510 f 016 0.003891 0.004907 1
0.00002435 f 017 0.003891 0.004907 1
0.00003897 f 018 0.003891 0.004907 1
0.00003589 f 019 0.003891 0.004907 1
0.00003723 f 020 0.003891 0.004907 1
0.00004027 f 021 0.003891 0.004907 1
0.00002418 f 022 0.003891 0.004907 1
0.00003019 f 023 0.003891 0.004907 1
0.00001844 f 024 0.003891 0.004907 1
0.00003596 f 025 0.003891 0.004907 1
0.00003666 f 026 0.003891 0.004907 1
0.01000087 f 027 0.003891 0.004907 1
0.00994665 f 028 0.003891 0.004907 1
0.01029700 f 029 0.003891 0.004907 1
0.01009243 f 030 0.003891 0.004907 1
0.00995598 f 031 0.003891 0.004907 1
0.01014531 f 032 0.003891 0.004907 1
0.00995807 f 033 0.003891 0.004907 1
0.01029796 f 034 0.003891 0.004907 1
0.01035860 f 035 0.003891 0.004907 1
0.01041157 f 036 0.003891 0.004907 1
0.01037915 f 037 0.003891 0.004907 1
0.01067194 f 038 0.003891 0.004907 1
0.01027206 f 039 0.003891 0.004907 1
0.01029941 f 040 0.003891 0.004907 1
0.01026369 f 041 0.003891 0.004907 1
0.00125337 G 002 0.000410 0.000273 1
0.00117654 G 003 0.000410 0.000273 1
0.00099755 G 004 0.000410 0.000273 1
0.00097689 G 005 0.000410 0.000273 1
0.00080908 G 006 0.000410 0.000273 1
0.00058631 G 007 0.000410 0.000273 1
0.00068284 G 008 0.000410 0.000273 1
0.00054822 G 009 0.000410 0.000273 1
0.00050398 G 010 0.000410 0.000273 1
0.00047596 G 011 0.000410 0.000273 1
0.00041892 G 012 0.000410 0.000273 1
0.00040268 G 013 0.000410 0.000273 1
0.00031468 G 014 0.000410 0.000273 1
0.00042291 G 015 0.000410 0.000273 1
0.00038526 G 016 0.000410 0.000273 1
0.00042786 G 017 0.000410 0.000273 1
0.00031846 G 018 0.000410 0.000273 1
0.00043382 G 019 0.000410 0.000273 1
0.00034356 G 020 0.000410 0.000273 1
0.00033380 G 021 0.000410 0.000273 1
0.00034215 G 022 0.000410 0.000273 1
0.00025644 G 023 0.000410 0.000273 1
0.00020841 G 024 0.000410 0.000273 1
0.00022092 G 025 0.000410 0.000273 1
0.00025321 G 026 0.000410 0.000273 1
0.00027227 G 027 0.000410 0.000273 1
0.00025608 G 028 0.000410 0.000273 1
0.00026511 G 029 0.000410 0.000273 1
0.00029612 G 030 0.000410 0.000273 1
0.00022701 G 031 0.000410 0.000273 1
0.00017585 G 032 0.000410 0.000273 1
0.00020090 G 033 0.000410 0.000273 1
0.00019716 G 034 0.000410 0.000273 1
0.00021464 G 035 0.000410 0.000273 1
0.00019349 G 036 0.000410 0.000273 1
0.00021121 G 037 0.000410 0.000273 1
0.00021609 G 038 0.000410 0.000273 1
0.00020141 G 039 0.000410 0.000273 1
0.00020334 G 040 0.000410 0.000273 1
0.00018226 G 041 0.000410 0.000273 1
0.00292462 H 002 0.001977 0.000441 1
0.00302476 H 003 0.001977 0.000441 1
0.00290481 H 004 0.001977 0.000441 1
0.00279791 H 005 0.001977 0.000441 1
0.00276742 H 006 0.001977 0.000441 1
0.00260842 H 007 0.001977 0.000441 1
0.00265581 H 008 0.001977 0.000441 1
0.00252741 H 009 0.001977 0.000441 1
0.00252837 H 010 0.001977 0.000441 1
0.00244383 H 011 0.001977 0.000441 1
0.00239391 H 012 0.001977 0.000441 1
0.00232033 H 013 0.001977 0.000441 1
0.00232523 H 014 0.001977 0.000441 1
0.00230106 H 015 0.001977 0.000441 1
0.00214375 H 016 0.001977 0.000441 1
0.00207455 H 017 0.001977 0.000441 1
0.00203862 H 018 0.001977 0.000441 1
0.00210222 H 019 0.001977 0.000441 1
0.00185650 H 020 0.001977 0.000441 1
0.00188257 H 021 0.001977 0.000441 1
0.00199279 H 022 0.001977 0.000441 1
0.00192512 H 023 0.001977 0.000441 1
0.00184826 H 024 0.001977 0.000441 1
0.00181587 H 025 0.001977 0.000441 1
0.00181399 H 026 0.001977 0.000441 1
0.00183180 H 027 0.001977 0.000441 1
0.00180231 H 028 0.001977 0.000441 1
0.00172311 H 029 0.001977 0.000441 1
0.00177926 H 030 0.001977 0.000441 1
0.00177760 H 031 0.001977 0.000441 1
0.00172351 H 032 0.001977 0.000441 1
0.00176735 H 033 0.001977 0.000441 1
0.00163051 H 034 0.001977 0.000441 1
0.00172969 H 035 0.001977 0.000441 1
0.00158222 H 036 0.001977 0.000441 1
0.00162051 H 037 0.001977 0.000441 1
0.00151934 H 038 0.001977 0.000441 1
0.00155073 H 039 0.001977 0.000441 1
0.00156517 H 040 0.001977 0.000441 1
0.00149280 H 041 0.001977 0.000441 1
0.00157055 H 042 0.001977 0.000441 1
0.00154174 H 043 0.001977 0.000441 1
0.00167180 H 044 0.001977 0.000441 1
0.00157700 H 045 0.001977 0.000441 1
0.00144604 H 046 0.001977 0.000441 1
0.00157013 H 047 0.001977 0.000441 1
0.00154619 H 048 0.001977 0.000441 1
0.00160344 H 049 0.001977 0.000441 1
0.00162103 H 050 0.001977 0.000441 1
0.00158913 H 051 0.001977 0.000441 1
0.00473661 I 002 0.004983 0.000201 1
0.00493487 I 003 0.004983 0.000201 1
0.00496593 I 004 0.004983 0.000201 1
0.00521001 I 005 0.004983 0.000201 1
0.00504787 I 006 0.004983 0.000201 1
0.00502743 I 007 0.004983 0.000201 1
0.00514161 I 008 0.004983 0.000201 1
0.00508038 I 009 0.004983 0.000201 1
0.00486900 I 010 0.004983 0.000201 1
0.00529515 I 011 0.004983 0.000201 1
0.00489327 I 012 0.004983 0.000201 1
0.00517218 I 013 0.004983 0.000201 1
0.00499783 I 014 0.004983 0.000201 1
0.00529401 I 015 0.004983 0.000201 1
0.00524644 I 016 0.004983 0.000201 1
0.00524315 I 017 0.004983 0.000201 1
0.00542975 I 018 0.004983 0.000201 1
0.00510975 I 019 0.004983 0.000201 1
0.00527438 I 020 0.004983 0.000201 1
0.00521810 I 021 0.004983 0.000201 1
0.00503359 I 022 0.004983 0.000201 1
0.00494429 I 023 0.004983 0.000201 1
0.00525049 I 024 0.004983 0.000201 1
0.00513021 I 025 0.004983 0.000201 1
0.00508552 I 026 0.004983 0.000201 1
0.00505917 I 027 0.004983 0.000201 1
0.00495450 I 028 0.004983 0.000201 1
0.00500034 I 029 0.004983 0.000201 1
0.00486284 I 030 0.004983 0.000201 1
0.00483752 I 031 0.004983 0.000201 1
0.00518633 I 032 0.004983 0.000201 1
0.00473041 I 033 0.004983 0.000201 1
0.00507587 I 034 0.004983 0.000201 1
0.00480963 I 035 0.004983 0.000201 1
0.00466078 I 036 0.004983 0.000201 1
0.00478637 I 037 0.004983 0.000201 1
0.00469121 I 038 0.004983 0.000201 1
0.00473743 I 039 0.004983 0.000201 1
0.00477624 I 040 0.004983 0.000201 1
0.00491243 I 041 0.004983 0.000201 1
0.00492080 I 042 0.004983 0.000201 1
0.00437800 I 043 0.004983 0.000201 1
0.00490264 I 044 0.004983 0.000201 1
0.00504827 I 045 0.004983 0.000201 1
0.00482560 I 046 0.004983 0.000201 1
0.00482985 I 047 0.004983 0.000201 1
0.00486112 I 048 0.004983 0.000201 1
0.00498115 I 049 0.004983 0.000201 1
0.00481988 I 050 0.004983 0.000201 1
0.00485746 I 051 0.004983 0.000201 1
0.00039099 J 002 0.000319 0.000214 1
0.00059437 J 003 0.000319 0.000214 1
0.00072426 J 004 0.000319 0.000214 1
0.00077125 J 005 0.000319 0.000214 1
0.00070828 J 006 0.000319 0.000214 1
0.00073015 J 007 0.000319 0.000214 1
0.00072765 J 008 0.000319 0.000214 1
0.00064458 J 009 0.000319 0.000214 1
0.00061434 J 010 0.000319 0.000214 1
0.00054414 J 011 0.000319 0.000214 1
0.00053351 J 012 0.000319 0.000214 1
0.00050508 J 013 0.000319 0.000214 1
0.00050394 J 014 0.000319 0.000214 1
0.00053066 J 015 0.000319 0.000214 1
0.00041342 J 016 0.000319 0.000214 1
0.00035175 J 017 0.000319 0.000214 1
0.00046726 J 018 0.000319 0.000214 1
0.00040298 J 019 0.000319 0.000214 1
0.00039327 J 020 0.000319 0.000214 1
0.00040041 J 021 0.000319 0.000214 1
0.00036817 J 022 0.000319 0.000214 1
0.00031331 J 023 0.000319 0.000214 1
0.00034411 J 024 0.000319 0.000214 1
0.00026330 J 025 0.000319 0.000214 1
0.00026097 J 026 0.000319 0.000214 1
0.00023665 J 027 0.000319 0.000214 1
0.00018649 J 028 0.000319 0.000214 1
0.00020598 J 029 0.000319 0.000214 1
0.00020855 J 030 0.000319 0.000214 1
0.00022766 J 031 0.000319 0.000214 1
0.00019362 J 032 0.000319 0.000214 1
0.00018408 J 033 0.000319 0.000214 1
0.00019424 J 034 0.000319 0.000214 1
0.00017653 J 035 0.000319 0.000214 1
0.00017562 J 036 0.000319 0.000214 1
0.00015814 J 037 0.000319 0.000214 1
0.00013283 J 038 0.000319 0.000214 1
0.00013785 J 039 0.000319 0.000214 1
0.00011167 J 040 0.000319 0.000214 1
0.00010073 J 041 0.000319 0.000214 1
0.00011510 J 042 0.000319 0.000214 1
0.00008587 J 043 0.000319 0.000214 1
0.00009164 J 044 0.000319 0.000214 1
0.00007920 J 045 0.000319 0.000214 1
0.00007560 J 046 0.000319 0.000214 1
0.00008392 J 047 0.000319 0.000214 1
0.00006702 J 048 0.000319 0.000214 1
0.00007855 J 049 0.000319 0.000214 1
0.00009789 J 050 0.000319 0.000214 1
0.00005969 J 051 0.000319 0.000214 1
0.00102947 K 002 0.000602 0.000290 1
0.00079269 K 003 0.000602 0.000290 1
0.00074453 K 004 0.000602 0.000290 1
0.00057890 K 005 0.000602 0.000290 1
0.00056453 K 006 0.000602 0.000290 1
0.00053181 K 007 0.000602 0.000290 1
0.00046671 K 008 0.000602 0.000290 1
0.00050239 K 009 0.000602 0.000290 1
0.00045338 K 010 0.000602 0.000290 1
0.00040422 K 011 0.000602 0.000290 1
0.00039566 K 012 0.000602 0.000290 1
0.00034027 K 013 0.000602 0.000290 1
0.00031139 K 014 0.000602 0.000290 1
0.00031773 K 015 0.000602 0.000290 1
0.00028974 K 016 0.000602 0.000290 1
0.00136086 K 017 0.000602 0.000290 1
0.00132260 K 018 0.000602 0.000290 1
0.00128149 K 019 0.000602 0.000290 1
0.00110709 K 020 0.000602 0.000290 1
0.00099934 K 021 0.000602 0.000290 1
0.00108335 K 022 0.000602 0.000290 1
0.00094813 K 023 0.000602 0.000290 1
0.00091258 K 024 0.000602 0.000290 1
0.00084693 K 025 0.000602 0.000290 1
0.00081910 K 026 0.000602 0.000290 1
0.00076535 K 027 0.000602 0.000290 1
0.00073858 K 028 0.000602 0.000290 1
0.00063091 K 029 0.000602 0.000290 1
0.00068592 K 030 0.000602 0.000290 1
0.00065017 K 031 0.000602 0.000290 1
0.00057532 K 032 0.000602 0.000290 1
0.00056180 K 033 0.000602 0.000290 1
0.00049488 K 034 0.000602 0.000290 1
0.00051375 K 035 0.000602 0.000290 1
0.00044593 K 036 0.000602 0.000290 1
0.00050101 K 037 0.000602 0.000290 1
0.00048575 K 038 0.000602 0.000290 1
0.00044435 K 039 0.000602 0.000290 1
0.00039063 K 040 0.000602 0.000290 1
0.00042093 K 041 0.000602 0.000290 1
0.00042559 K 042 0.000602 0.000290 1
0.00046313 K 043 0.000602 0.000290 1
0.00035875 K 044 0.000602 0.000290 1
0.00039891 K 045 0.000602 0.000290 1
0.00035875 K 046 0.000602 0.000290 1
0.00030626 K 047 0.000602 0.000290 1
0.00024090 K 048 0.000602 0.000290 1
0.00031225 K 049 0.000602 0.000290 1
0.00025240 K 050 0.000602 0.000290 1
0.00026784 K 051 0.000602 0.000290 1
0.00125011 L 002 0.000708 0.000254 1
0.00128415 L 003 0.000708 0.000254 1
0.00124193 L 004 0.000708 0.000254 1
0.00125247 L 005 0.000708 0.000254 1
0.00113864 L 006 0.000708 0.000254 1
0.00115588 L 007 0.000708 0.000254 1
0.00104183 L 008 0.000708 0.000254 1
0.00104554 L 009 0.000708 0.000254 1
0.00096188 L 010 0.000708 0.000254 1
0.00094186 L 011 0.000708 0.000254 1
0.00084556 L 012 0.000708 0.000254 1
0.00080432 L 013 0.000708 0.000254 1
0.00075520 L 014 0.000708 0.000254 1
0.00077062 L 015 0.000708 0.000254 1
0.00075203 L 016 0.000708 0.000254 1
0.00073488 L 017 0.000708 0.000254 1
0.00069239 L 018 0.000708 0.000254 1
0.00069183 L 019 0.000708 0.000254 1
0.00066343 L 020 0.000708 0.000254 1
0.00069963 L 021 0.000708 0.000254 1
0.00073930 L 022 0.000708 0.000254 1
0.00072862 L 023 0.000708 0.000254 1
0.00075180 L 024 0.000708 0.000254 1
0.00069208 L 025 0.000708 0.000254 1
0.00068670 L 026 0.000708 0.000254 1
0.00065868 L 027 0.000708 0.000254 1
0.00062746 L 028 0.000708 0.000254 1
0.00067439 L 029 0.000708 0.000254 1
0.00062913 L 030 0.000708 0.000254 1
0.00064678 L 031 0.000708 0.000254 1
0.00065347 L 032 0.000708 0.000254 1
0.00061266 L 033 0.000708 0.000254 1
0.00061828 L 034 0.000708 0.000254 1
0.00065513 L 035 0.000708 0.000254 1
0.00059539 L 036 0.000708 0.000254 1
0.00059716 L 037 0.000708 0.000254 1
0.00064221 L 038 0.000708 0.000254 1
0.00059436 L 039 0.000708 0.000254 1
0.00057029 L 040 0.000708 0.000254 1
0.00052371 L 041 0.000708 0.000254 1
0.00051388 L 042 0.000708 0.000254 1
0.00044921 L 043 0.000708 0.000254 1
0.00041537 L 044 0.000708 0.000254 1
0.00038419 L 045 0.000708 0.000254 1
0.00040713 L 046 0.000708 0.000254 1
0.00035603 L 047 0.000708 0.000254 1
0.00034213 L 048 0.000708 0.000254 1
0.00031423 L 049 0.000708 0.000254 1
0.00029791 L 050 0.000708 0.000254 1
0.00032252 L 051 0.000708 0.000254 1
0.00000731 M 002 0.001278 0.000167 1
0.00143821 M 003 0.001278 0.000167 1
0.00147697 M 004 0.001278 0.000167 1
0.00149242 M 005 0.001278 0.000167 1
0.00150812 M 006 0.001278 0.000167 1
0.00149881 M 007 0.001278 0.000167 1
0.00152052 M 008 0.001278 0.000167 1
0.00147188 M 009 0.001278 0.000167 1
0.00146099 M 010 0.001278 0.000167 1
0.00152383 M 011 0.001278 0.000167 1
0.00148559 M 012 0.001278 0.000167 1
0.00150148 M 013 0.001278 0.000167 1
0.00145111 M 014 0.001278 0.000167 1
0.00149730 M 015 0.001278 0.000167 1
0.00145851 M 016 0.001278 0.000167 1
0.00140809 M 017 0.001278 0.000167 1
0.00144182 M 018 0.001278 0.000167 1
0.00145746 M 019 0.001278 0.000167 1
0.00144621 M 020 0.001278 0.000167 1
0.00143080 M 021 0.001278 0.000167 1
0.00148999 M 022 0.001278 0.000167 1
0.00143573 M 023 0.001278 0.000167 1
0.00138152 M 024 0.001278 0.000167 1
0.00140074 M 025 0.001278 0.000167 1
0.00143990 M 026 0.001278 0.000167 1
0.00135009 M 027 0.001278 0.000167 1
0.00131820 M 028 0.001278 0.000167 1
0.00133425 M 029 0.001278 0.000167 1
0.00129396 M 030 0.001278 0.000167 1
0.00131454 M 031 0.001278 0.000167 1
0.00131885 M 032 0.001278 0.000167 1
0.00125312 M 033 0.001278 0.000167 1
0.00126380 M 034 0.001278 0.000167 1
0.00125862 M 035 0.001278 0.000167 1
0.00131782 M 036 0.001278 0.000167 1
0.00128373 M 037 0.001278 0.000167 1
0.00124753 M 038 0.001278 0.000167 1
0.00127160 M 039 0.001278 0.000167 1
0.00122406 M 040 0.001278 0.000167 1
0.00125190 M 041 0.001278 0.000167 1
0.00130216 M 042 0.001278 0.000167 1
0.00127636 M 043 0.001278 0.000167 1
0.00132122 M 044 0.001278 0.000167 1
0.00128189 M 045 0.001278 0.000167 1
0.00124125 M 046 0.001278 0.000167 1
0.00130230 M 047 0.001278 0.000167 1
0.00124632 M 048 0.001278 0.000167 1
0.00125527 M 049 0.001278 0.000167 1
0.00124422 M 050 0.001278 0.000167 1
0.00125684 M 051 0.001278 0.000167 1
0.00124323 M 052 0.001278 0.000167 1
0.00124389 M 053 0.001278 0.000167 1
0.00121008 M 054 0.001278 0.000167 1
0.00128659 M 055 0.001278 0.000167 1
0.00121630 M 056 0.001278 0.000167 1
0.00123028 M 057 0.001278 0.000167 1
0.00119051 M 058 0.001278 0.000167 1
0.00125226 M 059 0.001278 0.000167 1
0.00122383 M 060 0.001278 0.000167 1
0.00122891 M 061 0.001278 0.000167 1
0.00130426 M 062 0.001278 0.000167 1
0.00126002 M 063 0.001278 0.000167 1
0.00127927 M 064 0.001278 0.000167 1
0.00124411 M 065 0.001278 0.000167 1
0.00125038 M 066 0.001278 0.000167 1
0.00121187 M 067 0.001278 0.000167 1
0.00120093 M 068 0.001278 0.000167 1
0.00125488 M 069 0.001278 0.000167 1
0.00129597 M 070 0.001278 0.000167 1
0.00118992 M 071 0.001278 0.000167 1
0.00122398 M 072 0.001278 0.000167 1
0.00125110 M 073 0.001278 0.000167 1
0.00125212 M 074 0.001278 0.000167 1
0.00121685 M 075 0.001278 0.000167 1
0.00122748 M 076 0.001278 0.000167 1
0.00124141 M 077 0.001278 0.000167 1
0.00118832 M 078 0.001278 0.000167 1
0.00120220 M 079 0.001278 0.000167 1
0.00123578 M 080 0.001278 0.000167 1
0.00121795 M 081 0.001278 0.000167 1
0.00123217 M 082 0.001278 0.000167 1
0.00122578 M 083 0.001278 0.000167 1
0.00119557 M 084 0.001278 0.000167 1
0.00120384 M 085 0.001278 0.000167 1
0.00119839 M 086 0.001278 0.000167 1
0.00117751 M 087 0.001278 0.000167 1
0.00126106 M 088 0.001278 0.000167 1
0.00120308 M 089 0.001278 0.000167 1
0.00120169 M 090 0.001278 0.000167 1
0.00117265 M 091 0.001278 0.000167 1
0.00120151 M 092 0.001278 0.000167 1
0.00116258 M 093 0.001278 0.000167 1
0.00111931 M 094 0.001278 0.000167 1
0.00115343 M 095 0.001278 0.000167 1
0.00117359 M 096 0.001278 0.000167 1
0.00116110 M 097 0.001278 0.000167 1
0.00113218 M 098 0.001278 0.000167 1
0.00111127 M 099 0.001278 0.000167 1
0.00118424 M 100 0.001278 0.000167 1
0.00113709 M 101 0.001278 0.000167 1
0.00046654 N 002 0.002184 0.000257 1
0.00229360 N 003 0.002184 0.000257 1
0.00222533 N 004 0.002184 0.000257 1
0.00230997 N 005 0.002184 0.000257 1
0.00240419 N 006 0.002184 0.000257 1
0.00231165 N 007 0.002184 0.000257 1
0.00238776 N 008 0.002184 0.000257 1
0.00239147 N 009 0.002184 0.000257 1
0.00240032 N 010 0.002184 0.000257 1
0.00239826 N 011 0.002184 0.000257 1
0.00247350 N 012 0.002184 0.000257 1
0.00240851 N 013 0.002184 0.000257 1
0.00243249 N 014 0.002184 0.000257 1
0.00251351 N 015 0.002184 0.000257 1
0.00245999 N 016 0.002184 0.000257 1
0.00244977 N 017 0.002184 0.000257 1
0.00253029 N 018 0.002184 0.000257 1
0.00244772 N 019 0.002184 0.000257 1
0.00237074 N 020 0.002184 0.000257 1
0.00243445 N 021 0.002184 0.000257 1
0.00247650 N 022 0.002184 0.000257 1
0.00256656 N 023 0.002184 0.000257 1
0.00240270 N 024 0.002184 0.000257 1
0.00243988 N 025 0.002184 0.000257 1
0.00243883 N 026 0.002184 0.000257 1
0.00245740 N 027 0.002184 0.000257 1
0.00239725 N 028 0.002184 0.000257 1
0.00238671 N 029 0.002184 0.000257 1
0.00227107 N 030 0.002184 0.000257 1
0.00236892 N 031 0.002184 0.000257 1
0.00242540 N 032 0.002184 0.000257 1
0.00244307 N 033 0.002184 0.000257 1
0.00238898 N 034 0.002184 0.000257 1
0.00233329 N 035 0.002184 0.000257 1
0.00240562 N 036 0.002184 0.000257 1
0.00240360 N 037 0.002184 0.000257 1
0.00236493 N 038 0.002184 0.000257 1
0.00239299 N 039 0.002184 0.000257 1
0.00246467 N 040 0.002184 0.000257 1
0.00229598 N 041 0.002184 0.000257 1
0.00238493 N 042 0.002184 0.000257 1
0.00231994 N 043 0.002184 0.000257 1
0.00234388 N 044 0.002184 0.000257 1
0.00228404 N 045 0.002184 0.000257 1
0.00235077 N 046 0.002184 0.000257 1
0.00217399 N 047 0.002184 0.000257 1
0.00220974 N 048 0.002184 0.000257 1
0.00223945 N 049 0.002184 0.000257 1
0.00221099 N 050 0.002184 0.000257 1
0.00228250 N 051 0.002184 0.000257 1
0.00222933 N 052 0.002184 0.000257 1
0.00217304 N 053 0.002184 0.000257 1
0.00213492 N 054 0.002184 0.000257 1
0.00214301 N 055 0.002184 0.000257 1
0.00204502 N 056 0.002184 0.000257 1
0.00206951 N 057 0.002184 0.000257 1
0.00213027 N 058 0.002184 0.000257 1
0.00208593 N 059 0.002184 0.000257 1
0.00208542 N 060 0.002184 0.000257 1
0.00205252 N 061 0.002184 0.000257 1
0.00207368 N 062 0.002184 0.000257 1
0.00211243 N 063 0.002184 0.000257 1
0.00202812 N 064 0.002184 0.000257 1
0.00209529 N 065 0.002184 0.000257 1
0.00204078 N 066 0.002184 0.000257 1
0.00206736 N 067 0.002184 0.000257 1
0.00207881 N 068 0.002184 0.000257 1
0.00209214 N 069 0.002184 0.000257 1
0.00199936 N 070 0.002184 0.000257 1
0.00201479 N 071 0.002184 0.000257 1
0.00205643 N 072 0.002184 0.000257 1
0.00199513 N 073 0.002184 0.000257 1
0.00199579 N 074 0.002184 0.000257 1
0.00199406 N 075 0.002184 0.000257 1
0.00191287 N 076 0.002184 0.000257 1
0.00200495 N 077 0.002184 0.000257 1
0.00200631 N 078 0.002184 0.000257 1
0.00197235 N 079 0.002184 0.000257 1
0.00195892 N 080 0.002184 0.000257 1
0.00195238 N 081 0.002184 0.000257 1
0.00194555 N 082 0.002184 0.000257 1
0.00196924 N 083 0.002184 0.000257 1
0.00193248 N 084 0.002184 0.000257 1
0.00197031 N 085 0.002184 0.000257 1
0.00193136 N 086 0.002184 0.000257 1
0.00200814 N 087 0.002184 0.000257 1
0.00196549 N 088 0.002184 0.000257 1
0.00195522 N 089 0.002184 0.000257 1
0.00197504 N 090 0.002184 0.000257 1
0.00198234 N 091 0.002184 0.000257 1
0.00199106 N 092 0.002184 0.000257 1
0.00197644 N 093 0.002184 0.000257 1
0.00194319 N 094 0.002184 0.000257 1
0.00207880 N 095 0.002184 0.000257 1
0.00199717 N 096 0.002184 0.000257 1
0.00204149 N 097 0.002184 0.000257 1
0.00198415 N 098 0.002184 0.000257 1
0.00204243 N 099 0.002184 0.000257 1
0.00204066 N 100 0.002184 0.000257 1
0.00203509 N 101 0.002184 0.000257 1
0.00074077 O 002 0.000285 0.000146 1
0.00061512 O 003 0.000285 0.000146 1
0.00057703 O 004 0.000285 0.000146 1
0.00055123 O 005 0.000285 0.000146 1
0.00059145 O 006 0.000285 0.000146 1
0.00055711 O 007 0.000285 0.000146 1
0.00043220 O 008 0.000285 0.000146 1
0.00042185 O 009 0.000285 0.000146 1
0.00039563 O 010 0.000285 0.000146 1
0.00041718 O 011 0.000285 0.000146 1
0.00036113 O 012 0.000285 0.000146 1
0.00032321 O 013 0.000285 0.000146 1
0.00041312 O 014 0.000285 0.000146 1
0.00039623 O 015 0.000285 0.000146 1
0.00035227 O 016 0.000285 0.000146 1
0.00032572 O 017 0.000285 0.000146 1
0.00031754 O 018 0.000285 0.000146 1
0.00030500 O 019 0.000285 0.000146 1
0.00025422 O 020 0.000285 0.000146 1
0.00028544 O 021 0.000285 0.000146 1
0.00024165 O 022 0.000285 0.000146 1
0.00023625 O 023 0.000285 0.000146 1
0.00026315 O 024 0.000285 0.000146 1
0.00025263 O 025 0.000285 0.000146 1
0.00021565 O 026 0.000285 0.000146 1
0.00020118 O 027 0.000285 0.000146 1
0.00018007 O 028 0.000285 0.000146 1
0.00020108 O 029 0.000285 0.000146 1
0.00018337 O 030 0.000285 0.000146 1
0.00017058 O 031 0.000285 0.000146 1
0.00019106 O 032 0.000285 0.000146 1
0.00020069 O 033 0.000285 0.000146 1
0.00017540 O 034 0.000285 0.000146 1
0.00016653 O 035 0.000285 0.000146 1
0.00018069 O 036 0.000285 0.000146 1
0.00018080 O 037 0.000285 0.000146 1
0.00021313 O 038 0.000285 0.000146 1
0.00016303 O 039 0.000285 0.000146 1
0.00017807 O 040 0.000285 0.000146 1
0.00016705 O 041 0.000285 0.000146 1
0.00017594 O 042 0.000285 0.000146 1
0.00015532 O 043 0.000285 0.000146 1
0.00015465 O 044 0.000285 0.000146 1
0.00017536 O 045 0.000285 0.000146 1
0.00015052 O 046 0.000285 0.000146 1
0.00015749 O 047 0.000285 0.000146 1
0.00020216 O 048 0.000285 0.000146 1
0.00017848 O 049 0.000285 0.000146 1
0.00013857 O 050 0.000285 0.000146 1
0.00018952 O 051 0.000285 0.000146 1
-0.00000001 P 002 0.000961 0.000112 0
0.00108447 P 003 0.000961 0.000112 0
0.00106168 P 004 0.000961 0.000112 0
0.00104047 P 005 0.000961 0.000112 0
0.00106251 P 006 0.000961 0.000112 0
0.00105160 P 007 0.000961 0.000112 0
0.00104468 P 008 0.000961 0.000112 0
0.00106540 P 009 0.000961 0.000112 0
0.00100463 P 010 0.000961 0.000112 0
0.00097902 P 011 0.000961 0.000112 0
0.00102260 P 012 0.000961 0.000112 0
0.00103222 P 013 0.000961 0.000112 0
0.00101399 P 014 0.000961 0.000112 0
0.00099043 P 015 0.000961 0.000112 0
0.00097351 P 016 0.000961 0.000112 0
0.00099722 P 017 0.000961 0.000112 0
0.00101740 P 018 0.000961 0.000112 0
0.00097474 P 019 0.000961 0.000112 0
0.00093766 P 020 0.000961 0.000112 0
0.00101176 P 021 0.000961 0.000112 0
0.00098072 P 022 0.000961 0.000112 0
0.00097003 P 023 0.000961 0.000112 0
0.00094919 P 024 0.000961 0.000112 0
0.00095586 P 025 0.000961 0.000112 0
0.00101948 P 026 0.000961 0.000112 0
0.00098498 P 027 0.000961 0.000112 0
0.00102770 P 028 0.000961 0.000112 0
0.00098658 P 029 0.000961 0.000112 0
0.00100781 P 030 0.000961 0.000112 0
0.00102648 P 031 0.000961 0.000112 0
0.00101050 P 032 0.000961 0.000112 0
0.00098931 P 033 0.000961 0.000112 0
0.00104299 P 034 0.000961 0.000112 0
0.00103175 P 035 0.000961 0.000112 0
0.00104262 P 036 0.000961 0.000112 0
0.00103321 P 037 0.000961 0.000112 0
0.00101714 P 038 0.000961 0.000112 0
0.00104749 P 039 0.000961 0.000112 0
0.00105779 P 040 0.000961 0.000112 0
0.00106886 P 041 0.000961 0.000112 0
0.00099504 P 042 0.000961 0.000112 0
0.00095821 P 043 0.000961 0.000112 0
0.00100245 P 044 0.000961 0.000112 0
0.00104096 P 045 0.000961 0.000112 0
0.00094010 P 046 0.000961 0.000112 0
0.00100023 P 047 0.000961 0.000112 0
0.00095199 P 048 0.000961 0.000112 0
0.00099404 P 049 0.000961 0.000112 0
0.00104720 P 050 0.000961 0.000112 0
0.00092582 P 051 0.000961 0.000112 0
0.00091495 P 052 0.000961 0.000112 0
0.00094943 P 053 0.000961 0.000112 0
0.00097416 P 054 0.000961 0.000112 0
0.00100044 P 055 0.000961 0.000112 0
0.00097017 P 056 0.000961 0.000112 0
0.00097715 P 057 0.000961 0.000112 0
0.00090622 P 058 0.000961 0.000112 0
0.00089956 P 059 0.000961 0.000112 0
0.00085245 P 060 0.000961 0.000112 0
0.00090067 P 061 0.000961 0.000112 0
0.00091568 P 062 0.000961 0.000112 0
0.00094542 P 063 0.000961 0.000112 0
0.00095353 P 064 0.000961 0.000112 0
0.00092728 P 065 0.000961 0.000112 0
0.00090420 P 066 0.000961 0.000112 0
0.00089174 P 067 0.000961 0.000112 0
0.00090806 P 068 0.000961 0.000112 0
0.00083227 P 069 0.000961 0.000112 0
0.00095075 P 070 0.000961 0.000112 0
0.00088486 P 071 0.000961 0.000112 0
0.00096931 P 072 0.000961 0.000112 0
0.00082690 P 073 0.000961 0.000112 0
0.00095260 P 074 0.000961 0.000112 0
0.00087072 P 075 0.000961 0.000112 0
0.00091057 P 076 0.000961 0.000112 0
0.00084437 P 077 0.000961 0.000112 0
0.00092279 P 078 0.000961 0.000112 0
0.00096241 P 079 0.000961 0.000112 0
0.00092617 P 080 0.000961 0.000112 0
0.00090125 P 081 0.000961 0.000112 0
0.00086209 P 082 0.000961 0.000112 0
0.00099678 P 083 0.000961 0.000112 0
0.00097626 P 084 0.000961 0.000112 0
0.00090413 P 085 0.000961 0.000112 0
0.00094644 P 086 0.000961 0.000112 0
0.00095783 P 087 0.000961 0.000112 0
0.00098914 P 088 0.000961 0.000112 0
0.00092197 P 089 0.000961 0.000112 0
0.00087909 P 090 0.000961 0.000112 0
0.00097988 P 091 0.000961 0.000112 0
0.00098790 P 092 0.000961 0.000112 0
0.00093164 P 093 0.000961 0.000112 0
0.00096688 P 094 0.000961 0.000112 0
0.00101058 P 095 0.000961 0.000112 0
0.00091744 P 096 0.000961 0.000112 0
0.00097438 P 097 0.000961 0.000112 0
0.00097829 P 098 0.000961 0.000112 0
0.00102224 P 099 0.000961 0.000112 0
0.00098257 P 100 0.000961 0.000112 0
0.00090771 P 101 0.000961 0.000112 0
0.00187247 q 002 0.001972 0.000158 1
0.00197685 q 003 0.001972 0.000158 1
0.00190922 q 004 0.001972 0.000158 1
0.00200962 q 005 0.001972 0.000158 1
0.00205748 q 006 0.001972 0.000158 1
0.00202903 q 007 0.001972 0.000158 1
0.00205335 q 008 0.001972 0.000158 1
0.00208678 q 009 0.001972 0.000158 1
0.00215224 q 010 0.001972 0.000158 1
0.00212126 q 011 0.001972 0.000158 1
0.00209586 q 012 0.001972 0.000158 1
0.00214875 q 013 0.001972 0.000158 1
0.00213418 q 014 0.001972 0.000158 1
0.00209181 q 015 0.001972 0.000158 1
0.00216059 q 016 0.001972 0.000158 1
0.00213245 q 017 0.001972 0.000158 1
0.00209938 q 018 0.001972 0.000158 1
0.00216779 q 019 0.001972 0.000158 1
0.00217253 q 020 0.001972 0.000158 1
0.00212871 q 021 0.001972 0.000158 1
0.00216694 q 022 0.001972 0.000158 1
0.00220835 q 023 0.001972 0.000158 1
0.00225529 q 024 0.001972 0.000158 1
0.00225630 q 025 0.001972 0.000158 1
0.00217803 q 026 0.001972 0.000158 1
0.00225265 q 027 0.001972 0.000158 1
0.00213093 q 028 0.001972 0.000158 1
0.00222074 q 029 0.001972 0.000158 1
0.00214356 q 030 0.001972 0.000158 1
0.00209515 q 031 0.001972 0.000158 1
0.00211753 q 032 0.001972 0.000158 1
0.00212127 q 033 0.001972 0.000158 1
0.00211490 q 034 0.001972 0.000158 1
0.00208875 q 035 0.001972 0.000158 1
0.00215011 q 036 0.001972 0.000158 1
0.00211943 q 037 0.001972 0.000158 1
0.00205693 q 038 0.001972 0.000158 1
0.00207221 q 039 0.001972 0.000158 1
0.00207296 q 040 0.001972 0.000158 1
0.00214990 q 041 0.001972 0.000158 1
0.00205788 q 042 0.001972 0.000158 1
0.00208052 q 043 0.001972 0.000158 1
0.00213369 q 044 0.001972 0.000158 1
0.00210132 q 045 0.001972 0.000158 1
0.00210705 q 046 0.001972 0.000158 1
0.00207799 q 047 0.001972 0.000158 1
0.00208296 q 048 0.001972 0.000158 1
0.00210767 q 049 0.001972 0.000158 1
0.00202294 q 050 0.001972 0.000158 1
0.00197303 q 051 0.001972 0.000158 1
0.00198269 q 052 0.001972 0.000158 1
0.00194834 q 053 0.001972 0.000158 1
0.00199045 q 054 0.001972 0.000158 1
0.00200670 q 055 0.001972 0.000158 1
0.00197766 q 056 0.001972 0.000158 1
0.00200665 q 057 0.001972 0.000158 1
0.00193969 q 058 0.001972 0.000158 1
0.00194584 q 059 0.001972 0.000158 1
0.00199522 q 060 0.001972 0.000158 1
0.00194212 q 061 0.001972 0.000158 1
0.00191188 q 062 0.001972 0.000158 1
0.00189481 q 063 0.001972 0.000158 1
0.00190222 q 064 0.001972 0.000158 1
0.00188224 q 065 0.001972 0.000158 1
0.00190461 q 066 0.001972 0.000158 1
0.00185711 q 067 0.001972 0.000158 1
0.00188904 q 068 0.001972 0.000158 1
0.00186767 q 069 0.001972 0.000158 1
0.00192067 q 070 0.001972 0.000158 1
0.00184507 q 071 0.001972 0.000158 1
0.00191528 q 072 0.001972 0.000158 1
0.00184361 q 073 0.001972 0.000158 1
0.00191642 q 074 0.001972 0.000158 1
0.00179786 q 075 0.001972 0.000158 1
0.00179147 q 076 0.001972 0.000158 1
0.00173937 q 077 0.001972 0.000158 1
0.00175392 q 078 0.001972 0.000158 1
0.00174108 q 079 0.001972 0.000158 1
0.00178435 q 080 0.001972 0.000158 1
0.00176216 q 081 0.001972 0.000158 1
0.00176226 q 082 0.001972 0.000158 1
0.00177396 q 083 0.001972 0.000158 1
0.00179373 q 084 0.001972 0.000158 1
0.00172734 q 085 0.001972 0.000158 1
0.00177773 q 086 0.001972 0.000158 1
0.00173311 q 087 0.001972 0.000158 1
0.00173787 q 088 0.001972 0.000158 1
0.00183834 q 089 0.001972 0.000158 1
0.00177071 q 090 0.001972 0.000158 1
0.00173813 q 091 0.001972 0.000158 1
0.00177991 q 092 0.001972 0.000158 1
0.00174744 q 093 0.001972 0.000158 1
0.00174732 q 094 0.001972 0.000158 1
0.00176981 q 095 0.001972 0.000158 1
0.00177489 q 096 0.001972 0.000158 1
0.00175182 q 097 0.001972 0.000158 1
0.00175363 q 098 0.001972 0.000158 1
0.00173607 q 099 0.001972 0.000158 1
0.00176690 q 100 0.001972 0.000158 1
0.00175564 q 101 0.001972 0.000158 1
0.01838664 R 002 0.005820 0.008894 1
0.01897253 R 003 0.005820 0.008894 1
0.01920374 R 004 0.005820 0.008894 1
0.01941854 R 005 0.005820 0.008894 1
0.01908401 R 006 0.005820 0.008894 1
0.01869391 R 007 0.005820 0.008894 1
0.01959798 R 008 0.005820 0.008894 1
0.01956872 R 009 0.005820 0.008894 1
0.01915223 R 010 0.005820 0.008894 1
0.01979610 R 011 0.005820 0.008894 1
0.01922916 R 012 0.005820 0.008894 1
0.01961477 R 013 0.005820 0.008894 1
0.01981662 R 014 0.005820 0.008894 1
0.02011162 R 015 0.005820 0.008894 1
0.02035357 R 016 0.005820 0.008894 1
0.00000021 R 017 0.005820 0.008894 1
0.00000017 R 018 0.005820 0.008894 1
0.00000007 R 019 0.005820 0.008894 1
0.00000004 R 020 0.005820 0.008894 1
0.00000012 R 021 0.005820 0.008894 1
0.00000010 R 022 0.005820 0.008894 1
0.00000017 R 023 0.005820 0.008894 1
0.00000006 R 024 0.005820 0.008894 1
0.00000015 R 025 0.005820 0.008894 1
0.00000009 R 026 0.005820 0.008894 1
0.00000014 R 027 0.005820 0.008894 1
0.00000014 R 028 0.005820 0.008894 1
0.00000008 R 029 0.005820 0.008894 1
0.00000005 R 030 0.005820 0.008894 1
0.00000004 R 031 0.005820 0.008894 1
0.00000010 R 032 0.005820 0.008894 1
0.00000009 R 033 0.005820 0.008894 1
0.00000006 R 034 0.005820 0.008894 1
0.00000008 R 035 0.005820 0.008894 1
0.00000005 R 036 0.005820 0.008894 1
0.00000009 R 037 0.005820 0.008894 1
0.00000008 R 038 0.005820 0.008894 1
0.00000023 R 039 0.005820 0.008894 1
0.00000007 R 040 0.005820 0.008894 1
0.00000008 R 041 0.005820 0.008894 1
0.00000003 R 042 0.005820 0.008894 1
0.00000006 R 043 0.005820 0.008894 1
0.00000011 R 044 0.005820 0.008894 1
0.00000008 R 045 0.005820 0.008894 1
0.00000006 R 046 0.005820 0.008894 1
0.00000011 R 047 0.005820 0.008894 1
0.00000008 R 048 0.005820 0.008894 1
0.00000006 R 049 0.005820 0.008894 1
0.00000001 R 050 0.005820 0.008894 1
0.00000009 R 051 0.005820 0.008894 1
0.00000623 S 002 0.000006 0.000007 1
0.00001681 S 003 0.000006 0.000007 1
0.00002173 S 004 0.000006 0.000007 1
0.00001956 S 005 0.000006 0.000007 1
0.00002697 S 006 0.000006 0.000007 1
0.00002885 S 007 0.000006 0.000007 1
0.00002039 S 008 0.000006 0.000007 1
0.00001501 S 009 0.000006 0.000007 1
0.00001035 S 010 0.000006 0.000007 1
0.00001462 S 011 0.000006 0.000007 1
0.00001543 S 012 0.000006 0.000007 1
0.00001445 S 013 0.000006 0.000007 1
0.00001296 S 014 0.000006 0.000007 1
0.00000604 S 015 0.000006 0.000007 1
0.00000320 S 016 0.000006 0.000007 1
0.00000473 S 017 0.000006 0.000007 1
0.00000363 S 018 0.000006 0.000007 1
0.00000541 S 019 0.000006 0.000007 1
0.00000446 S 020 0.000006 0.000007 1
0.00000201 S 021 0.000006 0.000007 1
0.00000237 S 022 0.000006 0.000007 1
0.00000222 S 023 0.000006 0.000007 1
0.00000289 S 024 0.000006 0.000007 1
0.00000193 S 025 0.000006 0.000007 1
0.00000167 S 026 0.000006 0.000007 1
0.00000157 S 027 0.000006 0.000007 1
0.00000256 S 028 0.000006 0.000007 1
0.00000132 S 029 0.000006 0.000007 1
0.00000217 S 030 0.000006 0.000007 1
0.00000150 S 031 0.000006 0.000007 1
0.00000097 S 032 0.000006 0.000007 1
0.00000090 S 033 0.000006 0.000007 1
0.00000075 S 034 0.000006 0.000007 1
0.00000124 S 035 0.000006 0.000007 1
0.00000146 S 036 0.000006 0.000007 1
0.00000163 S 037 0.000006 0.000007 1
0.00000092 S 038 0.000006 0.000007 1
0.00000157 S 039 0.000006 0.000007 1
0.00000086 S 040 0.000006 0.000007 1
0.00000127 S 041 0.000006 0.000007 1
0.00000063 S 042 0.000006 0.000007 1
0.00000147 S 043 0.000006 0.000007 1
0.00000061 S 044 0.000006 0.000007 1
0.00000085 S 045 0.000006 0.000007 1
0.00000069 S 046 0.000006 0.000007 1
0.00000051 S 047 0.000006 0.000007 1
0.00000042 S 048 0.000006 0.000007 1
0.00000074 S 049 0.000006 0.000007 1
0.00000039 S 050 0.000006 0.000007 1
0.00000091 S 051 0.000006 0.000007 1
0.00185465 T 002 0.000611 0.000735 1
0.00211357 T 003 0.000611 0.000735 1
0.00220717 T 004 0.000611 0.000735 1
0.00225473 T 005 0.000611 0.000735 1
0.00213359 T 006 0.000611 0.000735 1
0.00207442 T 007 0.000611 0.000735 1
0.00186839 T 008 0.000611 0.000735 1
0.00182260 T 009 0.000611 0.000735 1
0.00156737 T 010 0.000611 0.000735 1
0.00147793 T 011 0.000611 0.000735 1
0.00125052 T 012 0.000611 0.000735 1
0.00115066 T 013 0.000611 0.000735 1
0.00096125 T 014 0.000611 0.000735 1
0.00085737 T 015 0.000611 0.000735 1
0.00087009 T 016 0.000611 0.000735 1
0.00069738 T 017 0.000611 0.000735 1
0.00053293 T 018 0.000611 0.000735 1
0.00054498 T 019 0.000611 0.000735 1
0.00046554 T 020 0.000611 0.000735 1
0.00039469 T 021 0.000611 0.000735 1
0.00039002 T 022 0.000611 0.000735 1
0.00040782 T 023 0.000611 0.000735 1
0.00030865 T 024 0.000611 0.000735 1
0.00024861 T 025 0.000611 0.000735 1
0.00019231 T 026 0.000611 0.000735 1
0.00018950 T 027 0.000611 0.000735 1
0.00016502 T 028 0.000611 0.000735 1
0.00019111 T 029 0.000611 0.000735 1
0.00016712 T 030 0.000611 0.000735 1
0.00010537 T 031 0.000611 0.000735 1
0.00009552 T 032 0.000611 0.000735 1
0.00009636 T 033 0.000611 0.000735 1
0.00010607 T 034 0.000611 0.000735 1
0.00008355 T 035 0.000611 0.000735 1
0.00008812 T 036 0.000611 0.000735 1
0.00006006 T 037 0.000611 0.000735 1
0.00006624 T 038 0.000611 0.000735 1
0.00006607 T 039 0.000611 0.000735 1
0.00005366 T 040 0.000611 0.000735 1
0.00004914 T 041 0.000611 0.000735 1
0.00004683 T 042 0.000611 0.000735 1
0.00003927 T 043 0.000611 0.000735 1
0.00003611 T 044 0.000611 0.000735 1
0.00003259 T 045 0.000611 0.000735 1
0.00002709 T 046 0.000611 0.000735 1
0.00002453 T 047 0.000611 0.000735 1
0.00002827 T 048 0.000611 0.000735 1
0.00002139 T 049 0.000611 0.000735 1
0.00003020 T 050 0.000611 0.000735 1
0.00002406 T 051 0.000611 0.000735 1
-0.00000001 U 002 -0.000000 0.000000 0
-0.00000001 U 003 -0.000000 0.000000 0
-0.00000001 U 004 -0.000000 0.000000 0
-0.00000002 U 005 -0.000000 0.000000 0
-0.00000002 U 006 -0.000000 0.000000 0
-0.00000002 U 007 -0.000000 0.000000 0
-0.00000001 U 008 -0.000000 0.000000 0
-0.00000001 U 009 -0.000000 0.000000 0
-0.00000002 U 010 -0.000000 0.000000 0
-0.00000001 U 011 -0.000000 0.000000 0
-0.00000001 U 012 -0.000000 0.000000 0
-0.00000001 U 013 -0.000000 0.000000 0
-0.00000001 U 014 -0.000000 0.000000 0
-0.00000002 U 015 -0.000000 0.000000 0
0.00000007 V 002 0.000000 0.000000 1
0.00000005 V 003 0.000000 0.000000 1
0.00000012 V 004 0.000000 0.000000 1
0.00000024 V 005 0.000000 0.000000 1
0.00000015 V 006 0.000000 0.000000 1
0.00000026 V 007 0.000000 0.000000 1
0.00000020 V 008 0.000000 0.000000 1
0.00000030 V 009 0.000000 0.000000 1
0.00000091 V 010 0.000000 0.000000 1
0.00000028 V 011 0.000000 0.000000 1
0.00000022 V 012 0.000000 0.000000 1
0.00000046 V 013 0.000000 0.000000 1
0.00000043 V 014 0.000000 0.000000 1
0.00000033 V 015 0.000000 0.000000 1
0.00000032 V 016 0.000000 0.000000 1
0.00000023 V 017 0.000000 0.000000 1
0.00000020 V 018 0.000000 0.000000 1
0.00000010 V 019 0.000000 0.000000 1
0.00000011 V 020 0.000000 0.000000 1
0.00001672 W 002 0.000016 0.000018 1
0.00004578 W 003 0.000016 0.000018 1
0.00005696 W 004 0.000016 0.000018 1
0.00006601 W 005 0.000016 0.000018 1
0.00004290 W 006 0.000016 0.000018 1
0.00004560 W 007 0.000016 0.000018 1
0.00004497 W 008 0.000016 0.000018 1
0.00002164 W 009 0.000016 0.000018 1
0.00002040 W 010 0.000016 0.000018 1
0.00001510 W 011 0.000016 0.000018 1
0.00001267 W 012 0.000016 0.000018 1
0.00001402 W 013 0.000016 0.000018 1
0.00001071 W 014 0.000016 0.000018 1
0.00001249 W 015 0.000016 0.000018 1
0.00000542 W 016 0.000016 0.000018 1
0.00000780 W 017 0.000016 0.000018 1
0.00000555 W 018 0.000016 0.000018 1
0.00000673 W 019 0.000016 0.000018 1
0.00000528 W 020 0.000016 0.000018 1
0.00000734 W 021 0.000016 0.000018 1
0.00000403 W 022 0.000016 0.000018 1
0.00000176 W 023 0.000016 0.000018 1
0.00000137 W 024 0.000016 0.000018 1
0.00000133 W 025 0.000016 0.000018 1
0.00000196 W 026 0.000016 0.000018 1
0.00000120 W 027 0.000016 0.000018 1
0.00000378 W 028 0.000016 0.000018 1
0.00000222 W 029 0.000016 0.000018 1
0.00000322 W 030 0.000016 0.000018 1
0.00000133 W 031 0.000016 0.000018 1
0.00476696 X 002 0.002582 0.001515 1
0.00483580 X 003 0.002582 0.001515 1
0.00484193 X 004 0.002582 0.001515 1
0.00468857 X 005 0.002582 0.001515 1
0.00399991 X 006 0.002582 0.001515 1
0.00376681 X 007 0.002582 0.001515 1
0.00348816 X 008 0.002582 0.001515 1
0.00328324 X 009 0.002582 0.001515 1
0.00294464 X 010 0.002582 0.001515 1
0.00248279 X 011 0.002582 0.001515 1
0.00231199 X 012 0.002582 0.001515 1
0.00203098 X 013 0.002582 0.001515 1
0.00189544 X 014 0.002582 0.001515 1
0.00165397 X 015 0.002582 0.001515 1
0.00123624 X 016 0.002582 0.001515 1
0.00091045 X 017 0.002582 0.001515 1
0.00074643 X 018 0.002582 0.001515 1
0.00062316 X 019 0.002582 0.001515 1
0.00058977 X 020 0.002582 0.001515 1
0.00054231 X 021 0.002582 0.001515 1
0.00105497 Y 002 0.000673 0.000607 1
0.00162335 Y 003 0.000673 0.000607 1
0.00158934 Y 004 0.000673 0.000607 1
0.00191546 Y 005 0.000673 0.000607 1
0.00148143 Y 006 0.000673 0.000607 1
0.00132838 Y 007 0.000673 0.000607 1
0.00099253 Y 008 0.000673 0.000607 1
0.00070984 Y 009 0.000673 0.000607 1
0.00055103 Y 010 0.000673 0.000607 1
0.00054711 Y 011 0.000673 0.000607 1
0.00039896 Y 012 0.000673 0.000607 1
0.00035254 Y 013 0.000673 0.000607 1
0.00025478 Y 014 0.000673 0.000607 1
0.00014222 Y 015 0.000673 0.000607 1
0.00012597 Y 016 0.000673 0.000607 1
0.00008097 Y 017 0.000673 0.000607 1
0.00011335 Y 018 0.000673 0.000607 1
0.00007800 Y 019 0.000673 0.000607 1
0.00007730 Y 020 0.000673 0.000607 1
0.00003756 Y 021 0.000673 0.000607 1
